
local cfr = CFrame.new

return {{tm=0;["Torso"]={cf=cfr(0,0,.046,1,0,0,0,.834,-.551,0,.551,.834);es="Linear";ed="In";};["Left Leg"]={cf=cfr(-.659,.455,-.033,.702,-.712,-.002,.71,.7,.072,-.05,-.052,.997);es="Linear";ed="In";};["Right Arm"]={cf=cfr(.115,-.572,.047,-.377,-.926,.025,.924,-.373,.087,-.072,.056,.996);es="Linear";ed="In";};["Handle"]={cf=cfr(-.275,-1.329,.235,.906,-.405,.123,.423,.867,-.264,0,.292,.957);es="Linear";ed="In";};["Head"]={cf=cfr(0,0,0,1,0,0,0,.899,.439,0,-.439,.899);es="Linear";ed="In";};["Right Leg"]={cf=cfr(.001,.002,0,.873,.488,.003,-.487,.87,.078,.035,-.069,.997);es="Linear";ed="In";};["Left Arm"]={cf=cfr(.035,-.174,.037,.98,-.194,-.04,.198,.96,.2,0,-.204,.979);es="Linear";ed="In";};};{tm=.017;["Torso"]={cf=cfr(0,0,.054,1,0,0,0,.835,-.55,0,.55,.835);es="Linear";ed="In";};["Left Leg"]={cf=cfr(-.659,.455,-.033,.699,-.715,-.002,.713,.698,.072,-.05,-.052,.997);es="Linear";ed="In";};["Right Arm"]={cf=cfr(.115,-.572,.047,-.377,-.926,.025,.923,-.374,.087,-.072,.056,.996);es="Linear";ed="In";};["Handle"]={cf=cfr(-.275,-1.329,.235,.906,-.405,.123,.423,.867,-.264,0,.292,.957);es="Linear";ed="In";};["Head"]={cf=cfr(0,0,0,1,0,0,0,.899,.439,0,-.439,.899);es="Linear";ed="In";};["Right Leg"]={cf=cfr(.001,.002,0,.87,.494,.004,-.492,.867,.078,.035,-.069,.997);es="Linear";ed="In";};["Left Arm"]={cf=cfr(.035,-.174,.037,.98,-.194,-.04,.198,.96,.2,0,-.204,.979);es="Linear";ed="In";};};{tm=.033;["Torso"]={cf=cfr(0,0,.061,1,0,0,0,.836,-.549,0,.549,.836);es="Linear";ed="In";};["Left Leg"]={cf=cfr(-.659,.455,-.033,.697,-.717,-.002,.716,.695,.072,-.05,-.052,.997);es="Linear";ed="In";};["Right Arm"]={cf=cfr(.116,-.572,.047,-.377,-.926,.025,.923,-.374,.087,-.072,.056,.996);es="Linear";ed="In";};["Handle"]={cf=cfr(-.275,-1.329,.235,.906,-.405,.123,.423,.867,-.264,0,.292,.957);es="Linear";ed="In";};["Head"]={cf=cfr(0,0,0,1,0,0,0,.899,.439,0,-.439,.899);es="Linear";ed="In";};["Right Leg"]={cf=cfr(.001,.002,0,.867,.499,.004,-.498,.864,.078,.035,-.069,.997);es="Linear";ed="In";};["Left Arm"]={cf=cfr(.035,-.174,.037,.98,-.195,-.041,.199,.959,.199,0,-.204,.979);es="Linear";ed="In";};};{tm=.05;["Torso"]={cf=cfr(0,0,.068,1,0,0,0,.836,-.548,0,.548,.836);es="Linear";ed="In";};["Left Leg"]={cf=cfr(-.659,.455,-.033,.694,-.72,-.002,.718,.692,.072,-.05,-.052,.997);es="Linear";ed="In";};["Right Arm"]={cf=cfr(.116,-.572,.047,-.377,-.926,.025,.923,-.374,.087,-.072,.056,.996);es="Linear";ed="In";};["Handle"]={cf=cfr(-.275,-1.329,.235,.906,-.405,.123,.423,.867,-.264,0,.292,.957);es="Linear";ed="In";};["Head"]={cf=cfr(0,0,0,1,0,0,0,.899,.439,0,-.439,.899);es="Linear";ed="In";};["Right Leg"]={cf=cfr(.002,.003,0,.863,.504,.005,-.503,.861,.078,.035,-.069,.997);es="Linear";ed="In";};["Left Arm"]={cf=cfr(.035,-.175,.037,.98,-.196,-.041,.201,.959,.199,0,-.204,.979);es="Linear";ed="In";};};{tm=.067;["Torso"]={cf=cfr(0,0,.075,1,0,0,0,.837,-.547,0,.547,.837);es="Linear";ed="In";};["Left Leg"]={cf=cfr(-.659,.455,-.033,.692,-.722,-.003,.721,.69,.072,-.05,-.052,.997);es="Linear";ed="In";};["Right Arm"]={cf=cfr(.117,-.571,.047,-.378,-.926,.025,.923,-.374,.087,-.072,.056,.996);es="Linear";ed="In";};["Handle"]={cf=cfr(-.275,-1.329,.235,.906,-.405,.123,.423,.867,-.264,0,.292,.957);es="Linear";ed="In";};["Head"]={cf=cfr(0,0,0,1,0,0,0,.898,.439,0,-.439,.898);es="Linear";ed="In";};["Right Leg"]={cf=cfr(.002,.003,0,.86,.51,.005,-.508,.858,.078,.035,-.069,.997);es="Linear";ed="In";};["Left Arm"]={cf=cfr(.034,-.175,.037,.979,-.198,-.041,.203,.959,.199,0,-.204,.979);es="Linear";ed="In";};};{tm=.083;["Torso"]={cf=cfr(0,0,.082,1,0,0,0,.838,-.546,0,.546,.838);es="Linear";ed="In";};["Left Leg"]={cf=cfr(-.659,.455,-.033,.689,-.725,-.003,.723,.687,.072,-.05,-.052,.997);es="Linear";ed="In";};["Right Arm"]={cf=cfr(.118,-.571,.047,-.378,-.925,.025,.923,-.375,.087,-.072,.056,.996);es="Linear";ed="In";};["Handle"]={cf=cfr(-.275,-1.329,.235,.906,-.405,.123,.423,.867,-.264,0,.292,.957);es="Linear";ed="In";};["Head"]={cf=cfr(0,0,0,1,0,0,0,.898,.439,0,-.439,.898);es="Linear";ed="In";};["Right Leg"]={cf=cfr(.002,.003,0,.857,.515,.006,-.514,.854,.078,.035,-.069,.997);es="Linear";ed="In";};["Left Arm"]={cf=cfr(.034,-.176,.037,.979,-.201,-.042,.205,.958,.199,0,-.204,.979);es="Linear";ed="In";};};{tm=.1;["Torso"]={cf=cfr(0,0,.089,1,0,0,0,.838,-.545,0,.545,.838);es="Linear";ed="In";};["Left Leg"]={cf=cfr(-.659,.455,-.033,.686,-.727,-.003,.725,.684,.072,-.05,-.052,.997);es="Linear";ed="In";};["Right Arm"]={cf=cfr(.119,-.57,.047,-.379,-.925,.025,.923,-.376,.087,-.072,.056,.996);es="Linear";ed="In";};["Handle"]={cf=cfr(-.275,-1.329,.235,.906,-.405,.123,.423,.867,-.264,0,.292,.957);es="Linear";ed="In";};["Head"]={cf=cfr(0,0,0,1,0,0,0,.898,.439,0,-.439,.898);es="Linear";ed="In";};["Right Leg"]={cf=cfr(.002,.003,0,.854,.52,.006,-.519,.851,.078,.035,-.069,.997);es="Linear";ed="In";};["Left Arm"]={cf=cfr(.033,-.177,.037,.978,-.204,-.042,.208,.958,.199,0,-.204,.979);es="Linear";ed="In";};};{tm=.117;["Torso"]={cf=cfr(0,0,.096,1,0,0,0,.839,-.544,0,.544,.839);es="Linear";ed="In";};["Left Leg"]={cf=cfr(-.659,.455,-.033,.684,-.73,-.004,.728,.682,.072,-.05,-.052,.997);es="Linear";ed="In";};["Right Arm"]={cf=cfr(.12,-.57,.047,-.38,-.925,.025,.922,-.376,.087,-.072,.056,.996);es="Linear";ed="In";};["Handle"]={cf=cfr(-.275,-1.329,.235,.906,-.405,.123,.423,.867,-.264,0,.292,.957);es="Linear";ed="In";};["Head"]={cf=cfr(0,0,0,1,0,0,0,.898,.44,0,-.44,.898);es="Linear";ed="In";};["Right Leg"]={cf=cfr(.002,.003,0,.851,.525,.006,-.524,.848,.078,.035,-.069,.997);es="Linear";ed="In";};["Left Arm"]={cf=cfr(.033,-.179,.037,.977,-.208,-.043,.212,.957,.199,0,-.204,.979);es="Linear";ed="In";};};{tm=.133;["Torso"]={cf=cfr(0,0,.103,1,0,0,0,.84,-.543,0,.543,.84);es="Linear";ed="In";};["Left Leg"]={cf=cfr(-.659,.455,-.033,.681,-.732,-.004,.73,.679,.072,-.05,-.052,.997);es="Linear";ed="In";};["Right Arm"]={cf=cfr(.122,-.569,.047,-.381,-.924,.025,.922,-.377,.087,-.072,.056,.996);es="Linear";ed="In";};["Handle"]={cf=cfr(-.275,-1.329,.235,.906,-.405,.123,.423,.867,-.264,0,.292,.957);es="Linear";ed="In";};["Head"]={cf=cfr(0,0,0,1,0,0,0,.898,.44,0,-.44,.898);es="Linear";ed="In";};["Right Leg"]={cf=cfr(.002,.003,0,.848,.53,.007,-.529,.845,.078,.035,-.069,.997);es="Linear";ed="In";};["Left Arm"]={cf=cfr(.032,-.18,.037,.976,-.212,-.044,.216,.956,.199,0,-.204,.979);es="Linear";ed="In";};};{tm=.15;["Torso"]={cf=cfr(0,0,.109,1,0,0,0,.84,-.542,0,.542,.84);es="Linear";ed="In";};["Left Leg"]={cf=cfr(-.659,.455,-.033,.679,-.734,-.004,.732,.677,.072,-.05,-.052,.997);es="Linear";ed="In";};["Right Arm"]={cf=cfr(.124,-.568,.047,-.382,-.924,.025,.922,-.378,.087,-.071,.056,.996);es="Linear";ed="In";};["Handle"]={cf=cfr(-.275,-1.329,.235,.906,-.405,.123,.423,.867,-.264,0,.292,.957);es="Linear";ed="In";};["Head"]={cf=cfr(0,0,0,1,0,0,0,.898,.44,0,-.44,.898);es="Linear";ed="In";};["Right Leg"]={cf=cfr(.002,.003,0,.845,.535,.007,-.534,.842,.078,.035,-.069,.997);es="Linear";ed="In";};["Left Arm"]={cf=cfr(.032,-.182,.037,.975,-.216,-.045,.221,.955,.199,0,-.204,.979);es="Linear";ed="In";};};{tm=.167;["Torso"]={cf=cfr(0,0,.116,1,0,0,0,.841,-.541,0,.541,.841);es="Linear";ed="In";};["Left Leg"]={cf=cfr(-.659,.455,-.033,.677,-.736,-.004,.735,.675,.072,-.05,-.052,.997);es="Linear";ed="In";};["Right Arm"]={cf=cfr(.126,-.567,.047,-.383,-.924,.025,.921,-.379,.087,-.071,.056,.996);es="Linear";ed="In";};["Handle"]={cf=cfr(-.275,-1.329,.235,.906,-.405,.123,.423,.867,-.264,0,.292,.957);es="Linear";ed="In";};["Head"]={cf=cfr(0,0,0,1,0,0,0,.898,.44,0,-.44,.898);es="Linear";ed="In";};["Right Leg"]={cf=cfr(.002,.003,0,.842,.539,.008,-.538,.839,.078,.035,-.069,.997);es="Linear";ed="In";};["Left Arm"]={cf=cfr(.031,-.184,.037,.974,-.221,-.046,.226,.954,.198,0,-.204,.979);es="Linear";ed="In";};};{tm=.183;["Torso"]={cf=cfr(0,0,.122,1,0,0,0,.842,-.54,0,.54,.842);es="Linear";ed="In";};["Left Leg"]={cf=cfr(-.659,.455,-.033,.674,-.739,-.004,.737,.672,.072,-.05,-.052,.997);es="Linear";ed="In";};["Right Arm"]={cf=cfr(.128,-.566,.047,-.384,-.923,.025,.921,-.381,.087,-.071,.056,.996);es="Linear";ed="In";};["Handle"]={cf=cfr(-.275,-1.329,.235,.906,-.405,.123,.423,.867,-.264,0,.292,.957);es="Linear";ed="In";};["Head"]={cf=cfr(0,0,0,1,0,0,0,.898,.441,0,-.441,.898);es="Linear";ed="In";};["Right Leg"]={cf=cfr(.002,.002,0,.839,.544,.008,-.543,.836,.077,.035,-.069,.997);es="Linear";ed="In";};["Left Arm"]={cf=cfr(.03,-.186,.037,.973,-.227,-.047,.231,.952,.198,0,-.204,.979);es="Linear";ed="In";};};{tm=.2;["Torso"]={cf=cfr(0,0,.128,1,0,0,0,.842,-.539,0,.539,.842);es="Linear";ed="In";};["Left Leg"]={cf=cfr(-.659,.455,-.033,.672,-.741,-.005,.739,.67,.072,-.05,-.052,.997);es="Linear";ed="In";};["Right Arm"]={cf=cfr(.13,-.565,.046,-.385,-.923,.025,.92,-.382,.087,-.071,.056,.996);es="Linear";ed="In";};["Handle"]={cf=cfr(-.275,-1.329,.235,.906,-.405,.123,.423,.867,-.264,0,.292,.957);es="Linear";ed="In";};["Head"]={cf=cfr(0,0,0,1,0,0,0,.897,.441,0,-.441,.897);es="Linear";ed="In";};["Right Leg"]={cf=cfr(.001,.002,0,.836,.548,.009,-.547,.833,.077,.035,-.069,.997);es="Linear";ed="In";};["Left Arm"]={cf=cfr(.029,-.188,.037,.971,-.232,-.048,.237,.951,.198,0,-.204,.979);es="Linear";ed="In";};};{tm=.217;["Torso"]={cf=cfr(0,0,.134,1,0,0,0,.843,-.538,0,.538,.843);es="Linear";ed="In";};["Left Leg"]={cf=cfr(-.659,.455,-.033,.67,-.743,-.005,.741,.668,.072,-.05,-.052,.997);es="Linear";ed="In";};["Right Arm"]={cf=cfr(.133,-.564,.046,-.387,-.922,.025,.92,-.383,.087,-.071,.056,.996);es="Linear";ed="In";};["Handle"]={cf=cfr(-.275,-1.329,.235,.906,-.405,.123,.423,.867,-.264,0,.292,.957);es="Linear";ed="In";};["Head"]={cf=cfr(0,0,0,1,0,0,0,.897,.442,0,-.442,.897);es="Linear";ed="In";};["Right Leg"]={cf=cfr(.001,.002,0,.834,.552,.009,-.551,.831,.077,.035,-.069,.997);es="Linear";ed="In";};["Left Arm"]={cf=cfr(.028,-.19,.037,.97,-.238,-.05,.244,.95,.197,0,-.204,.979);es="Linear";ed="In";};};{tm=.233;["Torso"]={cf=cfr(0,0,.139,1,0,0,0,.843,-.537,0,.537,.843);es="Linear";ed="In";};["Left Leg"]={cf=cfr(-.659,.455,-.033,.668,-.744,-.005,.743,.666,.072,-.05,-.052,.997);es="Linear";ed="In";};["Right Arm"]={cf=cfr(.136,-.563,.046,-.388,-.921,.025,.919,-.385,.087,-.071,.057,.996);es="Linear";ed="In";};["Handle"]={cf=cfr(-.275,-1.329,.235,.906,-.405,.123,.423,.867,-.264,0,.292,.957);es="Linear";ed="In";};["Head"]={cf=cfr(0,0,0,1,0,0,0,.897,.442,0,-.442,.897);es="Linear";ed="In";};["Right Leg"]={cf=cfr(.001,.002,0,.831,.556,.009,-.555,.828,.077,.035,-.069,.997);es="Linear";ed="In";};["Left Arm"]={cf=cfr(.027,-.192,.037,.968,-.245,-.051,.25,.948,.197,0,-.204,.979);es="Linear";ed="In";};};{tm=.25;["Torso"]={cf=cfr(0,0,.144,1,0,0,0,.844,-.537,0,.537,.844);es="Linear";ed="In";};["Left Leg"]={cf=cfr(-.659,.454,-.033,.666,-.746,-.005,.745,.664,.072,-.05,-.052,.997);es="Linear";ed="In";};["Right Arm"]={cf=cfr(.138,-.562,.046,-.39,-.921,.025,.918,-.386,.087,-.071,.057,.996);es="Linear";ed="In";};["Handle"]={cf=cfr(-.275,-1.329,.235,.906,-.405,.123,.423,.867,-.264,0,.292,.957);es="Linear";ed="In";};["Head"]={cf=cfr(0,0,0,1,0,0,0,.897,.442,0,-.442,.897);es="Linear";ed="In";};["Right Leg"]={cf=cfr(.001,.002,0,.828,.56,.01,-.559,.825,.077,.035,-.069,.997);es="Linear";ed="In";};["Left Arm"]={cf=cfr(.026,-.195,.037,.966,-.251,-.052,.257,.946,.197,0,-.204,.979);es="Linear";ed="In";};};{tm=.267;["Torso"]={cf=cfr(0,0,.149,1,0,0,0,.844,-.536,0,.536,.844);es="Linear";ed="In";};["Left Leg"]={cf=cfr(-.659,.454,-.033,.664,-.748,-.005,.746,.662,.072,-.05,-.052,.997);es="Linear";ed="In";};["Right Arm"]={cf=cfr(.141,-.56,.046,-.391,-.92,.025,.918,-.388,.087,-.071,.057,.996);es="Linear";ed="In";};["Handle"]={cf=cfr(-.275,-1.329,.235,.906,-.405,.123,.423,.867,-.264,0,.292,.957);es="Linear";ed="In";};["Head"]={cf=cfr(0,0,0,1,0,0,0,.897,.443,0,-.443,.897);es="Linear";ed="In";};["Right Leg"]={cf=cfr(.001,.002,0,.826,.564,.01,-.563,.823,.077,.035,-.069,.997);es="Linear";ed="In";};["Left Arm"]={cf=cfr(.025,-.198,.037,.965,-.258,-.054,.264,.944,.196,0,-.204,.979);es="Linear";ed="In";};};{tm=.283;["Torso"]={cf=cfr(0,0,.154,1,0,0,0,.845,-.535,0,.535,.845);es="Linear";ed="In";};["Left Leg"]={cf=cfr(-.659,.454,-.033,.662,-.749,-.006,.748,.66,.072,-.05,-.052,.997);es="Linear";ed="In";};["Right Arm"]={cf=cfr(.145,-.559,.046,-.393,-.919,.025,.917,-.39,.087,-.071,.057,.996);es="Linear";ed="In";};["Handle"]={cf=cfr(-.275,-1.329,.235,.906,-.405,.123,.423,.867,-.264,0,.292,.957);es="Linear";ed="In";};["Head"]={cf=cfr(0,0,0,1,0,0,0,.896,.443,0,-.443,.896);es="Linear";ed="In";};["Right Leg"]={cf=cfr(.001,.001,0,.824,.567,.01,-.566,.821,.077,.035,-.069,.997);es="Linear";ed="In";};["Left Arm"]={cf=cfr(.024,-.2,.037,.963,-.265,-.055,.271,.942,.196,0,-.204,.979);es="Linear";ed="In";};};{tm=.3;["Torso"]={cf=cfr(0,0,.158,1,0,0,0,.845,-.534,0,.534,.845);es="Linear";ed="In";};["Left Leg"]={cf=cfr(-.658,.454,-.033,.66,-.751,-.006,.749,.658,.072,-.05,-.052,.997);es="Linear";ed="In";};["Right Arm"]={cf=cfr(.148,-.557,.045,-.395,-.918,.025,.916,-.391,.087,-.071,.057,.996);es="Linear";ed="In";};["Handle"]={cf=cfr(-.275,-1.329,.235,.906,-.405,.123,.423,.867,-.264,0,.292,.957);es="Linear";ed="In";};["Head"]={cf=cfr(0,0,0,1,0,0,0,.896,.444,0,-.444,.896);es="Linear";ed="In";};["Right Leg"]={cf=cfr(.001,.001,0,.821,.57,.011,-.569,.819,.077,.035,-.069,.997);es="Linear";ed="In";};["Left Arm"]={cf=cfr(.023,-.203,.037,.961,-.272,-.057,.278,.94,.196,0,-.204,.979);es="Linear";ed="In";};};{tm=.317;["Torso"]={cf=cfr(0,0,.163,1,0,0,0,.846,-.534,0,.534,.846);es="Linear";ed="In";};["Left Leg"]={cf=cfr(-.658,.454,-.033,.659,-.752,-.006,.751,.657,.072,-.05,-.052,.997);es="Linear";ed="In";};["Right Arm"]={cf=cfr(.151,-.556,.045,-.397,-.918,.025,.915,-.393,.087,-.071,.057,.996);es="Linear";ed="In";};["Handle"]={cf=cfr(-.275,-1.329,.235,.906,-.405,.123,.423,.867,-.264,0,.292,.957);es="Linear";ed="In";};["Head"]={cf=cfr(0,0,0,1,0,0,0,.896,.444,0,-.444,.896);es="Linear";ed="In";};["Right Leg"]={cf=cfr(.001,.001,0,.819,.573,.011,-.572,.817,.077,.035,-.069,.997);es="Linear";ed="In";};["Left Arm"]={cf=cfr(.022,-.206,.037,.958,-.28,-.058,.286,.938,.195,0,-.204,.979);es="Linear";ed="In";};};{tm=.333;["Torso"]={cf=cfr(0,0,.166,1,0,0,0,.846,-.533,0,.533,.846);es="Linear";ed="In";};["Left Leg"]={cf=cfr(-.658,.454,-.033,.657,-.754,-.006,.752,.655,.072,-.05,-.052,.997);es="Linear";ed="In";};["Right Arm"]={cf=cfr(.155,-.554,.045,-.398,-.917,.025,.914,-.395,.087,-.07,.057,.996);es="Linear";ed="In";};["Handle"]={cf=cfr(-.275,-1.329,.235,.906,-.405,.123,.423,.867,-.264,0,.292,.957);es="Linear";ed="In";};["Head"]={cf=cfr(0,0,0,1,0,0,0,.896,.445,0,-.445,.896);es="Linear";ed="In";};["Right Leg"]={cf=cfr(.001,.001,0,.817,.576,.011,-.575,.815,.077,.035,-.069,.997);es="Linear";ed="In";};["Left Arm"]={cf=cfr(.021,-.209,.037,.956,-.287,-.06,.293,.936,.195,0,-.204,.979);es="Linear";ed="In";};};{tm=.35;["Torso"]={cf=cfr(0,0,.17,1,0,0,0,.846,-.533,0,.533,.846);es="Linear";ed="In";};["Left Leg"]={cf=cfr(-.658,.454,-.033,.656,-.755,-.006,.753,.654,.072,-.05,-.052,.997);es="Linear";ed="In";};["Right Arm"]={cf=cfr(.158,-.553,.045,-.4,-.916,.025,.914,-.397,.087,-.07,.058,.996);es="Linear";ed="In";};["Handle"]={cf=cfr(-.275,-1.329,.235,.906,-.405,.123,.423,.867,-.264,0,.292,.957);es="Linear";ed="In";};["Head"]={cf=cfr(0,0,0,1,0,0,0,.895,.445,0,-.445,.895);es="Linear";ed="In";};["Right Leg"]={cf=cfr(.001,.001,0,.816,.578,.011,-.577,.813,.077,.035,-.069,.997);es="Linear";ed="In";};["Left Arm"]={cf=cfr(.02,-.212,.037,.954,-.294,-.061,.3,.934,.194,0,-.204,.979);es="Linear";ed="In";};};{tm=.367;["Torso"]={cf=cfr(0,0,.173,1,0,0,0,.847,-.532,0,.532,.847);es="Linear";ed="In";};["Left Leg"]={cf=cfr(-.658,.454,-.033,.655,-.756,-.006,.754,.653,.072,-.05,-.052,.997);es="Linear";ed="In";};["Right Arm"]={cf=cfr(.162,-.551,.044,-.402,-.915,.025,.913,-.399,.087,-.07,.058,.996);es="Linear";ed="In";};["Handle"]={cf=cfr(-.275,-1.329,.235,.906,-.405,.123,.423,.867,-.264,0,.292,.957);es="Linear";ed="In";};["Head"]={cf=cfr(0,0,0,1,0,0,0,.895,.446,0,-.446,.895);es="Linear";ed="In";};["Right Leg"]={cf=cfr(0,.001,0,.814,.58,.012,-.58,.811,.077,.035,-.069,.997);es="Linear";ed="In";};["Left Arm"]={cf=cfr(.019,-.215,.037,.952,-.301,-.063,.308,.932,.194,0,-.204,.979);es="Linear";ed="In";};};{tm=.383;["Torso"]={cf=cfr(0,0,.176,1,0,0,0,.847,-.532,0,.532,.847);es="Linear";ed="In";};["Left Leg"]={cf=cfr(-.658,.454,-.033,.654,-.757,-.006,.755,.652,.072,-.05,-.052,.997);es="Linear";ed="In";};["Right Arm"]={cf=cfr(.166,-.549,.044,-.404,-.914,.025,.912,-.401,.087,-.07,.058,.996);es="Linear";ed="In";};["Handle"]={cf=cfr(-.275,-1.329,.235,.906,-.405,.123,.423,.867,-.264,0,.292,.957);es="Linear";ed="In";};["Head"]={cf=cfr(0,0,0,1,0,0,0,.895,.446,0,-.446,.895);es="Linear";ed="In";};["Right Leg"]={cf=cfr(0,0,0,.813,.582,.012,-.581,.81,.077,.035,-.069,.997);es="Linear";ed="In";};["Left Arm"]={cf=cfr(.018,-.218,.037,.949,-.308,-.064,.315,.929,.193,0,-.204,.979);es="Linear";ed="In";};};{tm=.4;["Torso"]={cf=cfr(0,0,.178,1,0,0,0,.847,-.532,0,.532,.847);es="Linear";ed="In";};["Left Leg"]={cf=cfr(-.658,.454,-.033,.653,-.757,-.007,.756,.651,.072,-.05,-.052,.997);es="Linear";ed="In";};["Right Arm"]={cf=cfr(.169,-.548,.044,-.406,-.913,.025,.911,-.403,.087,-.07,.058,.996);es="Linear";ed="In";};["Handle"]={cf=cfr(-.275,-1.329,.235,.906,-.405,.123,.423,.867,-.264,0,.292,.957);es="Linear";ed="In";};["Head"]={cf=cfr(0,0,0,1,0,0,0,.895,.446,0,-.446,.895);es="Linear";ed="In";};["Right Leg"]={cf=cfr(0,0,0,.812,.584,.012,-.583,.809,.077,.035,-.069,.997);es="Linear";ed="In";};["Left Arm"]={cf=cfr(.017,-.221,.037,.947,-.315,-.066,.322,.927,.193,0,-.204,.979);es="Linear";ed="In";};};{tm=.417;["Torso"]={cf=cfr(0,0,.18,1,0,0,0,.847,-.531,0,.531,.847);es="Linear";ed="In";};["Left Leg"]={cf=cfr(-.658,.454,-.033,.652,-.758,-.007,.757,.65,.072,-.05,-.052,.997);es="Linear";ed="In";};["Right Arm"]={cf=cfr(.173,-.546,.044,-.409,-.912,.025,.91,-.405,.087,-.07,.058,.996);es="Linear";ed="In";};["Handle"]={cf=cfr(-.275,-1.329,.235,.906,-.405,.123,.423,.867,-.264,0,.292,.957);es="Linear";ed="In";};["Head"]={cf=cfr(0,0,0,1,0,0,0,.895,.447,0,-.447,.895);es="Linear";ed="In";};["Right Leg"]={cf=cfr(0,0,0,.811,.586,.012,-.585,.808,.077,.035,-.069,.997);es="Linear";ed="In";};["Left Arm"]={cf=cfr(.016,-.223,.037,.944,-.322,-.067,.329,.925,.192,0,-.204,.979);es="Linear";ed="In";};};{tm=.433;["Torso"]={cf=cfr(0,0,.182,1,0,0,0,.847,-.531,0,.531,.847);es="Linear";ed="In";};["Left Leg"]={cf=cfr(-.658,.454,-.033,.651,-.759,-.007,.757,.649,.072,-.05,-.052,.997);es="Linear";ed="In";};["Right Arm"]={cf=cfr(.177,-.544,.043,-.411,-.911,.025,.909,-.407,.087,-.07,.058,.996);es="Linear";ed="In";};["Handle"]={cf=cfr(-.275,-1.329,.235,.906,-.405,.123,.423,.867,-.264,0,.292,.957);es="Linear";ed="In";};["Head"]={cf=cfr(0,0,0,1,0,0,0,.894,.447,0,-.447,.894);es="Linear";ed="In";};["Right Leg"]={cf=cfr(0,0,0,.81,.587,.012,-.586,.807,.077,.035,-.069,.997);es="Linear";ed="In";};["Left Arm"]={cf=cfr(.015,-.226,.037,.942,-.328,-.068,.335,.922,.192,0,-.204,.979);es="Linear";ed="In";};};{tm=.45;["Torso"]={cf=cfr(0,0,.183,1,0,0,0,.848,-.531,0,.531,.848);es="Linear";ed="In";};["Left Leg"]={cf=cfr(-.658,.454,-.033,.651,-.759,-.007,.758,.649,.072,-.05,-.052,.997);es="Linear";ed="In";};["Right Arm"]={cf=cfr(.181,-.542,.043,-.413,-.911,.025,.908,-.409,.087,-.07,.059,.996);es="Linear";ed="In";};["Handle"]={cf=cfr(-.275,-1.329,.235,.906,-.405,.123,.423,.867,-.264,0,.292,.957);es="Linear";ed="In";};["Head"]={cf=cfr(0,0,0,1,0,0,0,.894,.448,0,-.448,.894);es="Linear";ed="In";};["Right Leg"]={cf=cfr(0,0,0,.809,.588,.012,-.587,.806,.077,.035,-.069,.997);es="Linear";ed="In";};["Left Arm"]={cf=cfr(.014,-.229,.037,.94,-.334,-.07,.342,.92,.191,0,-.204,.979);es="Linear";ed="In";};};{tm=.467;["Torso"]={cf=cfr(0,0,.184,1,0,0,0,.848,-.531,0,.531,.848);es="Linear";ed="In";};["Left Leg"]={cf=cfr(-.658,.454,-.033,.65,-.759,-.007,.758,.648,.072,-.05,-.052,.997);es="Linear";ed="In";};["Right Arm"]={cf=cfr(.185,-.541,.043,-.415,-.91,.025,.907,-.411,.087,-.069,.059,.996);es="Linear";ed="In";};["Handle"]={cf=cfr(-.275,-1.329,.235,.906,-.405,.123,.423,.867,-.264,0,.292,.957);es="Linear";ed="In";};["Head"]={cf=cfr(0,0,0,1,0,0,0,.894,.448,0,-.448,.894);es="Linear";ed="In";};["Right Leg"]={cf=cfr(0,0,0,.809,.588,.012,-.587,.806,.077,.035,-.069,.997);es="Linear";ed="In";};["Left Arm"]={cf=cfr(.013,-.231,.037,.938,-.34,-.071,.348,.918,.191,0,-.204,.979);es="Linear";ed="In";};};{tm=.483;["Torso"]={cf=cfr(0,0,.185,1,0,0,0,.848,-.531,0,.531,.848);es="Linear";ed="In";};["Left Leg"]={cf=cfr(-.658,.454,-.033,.65,-.76,-.007,.758,.648,.072,-.05,-.052,.997);es="Linear";ed="In";};["Right Arm"]={cf=cfr(.185,-.541,.043,-.415,-.91,.025,.907,-.411,.087,-.069,.059,.996);es="Linear";ed="In";};["Handle"]={cf=cfr(-.275,-1.329,.235,.906,-.405,.123,.423,.867,-.264,0,.292,.957);es="Linear";ed="In";};["Head"]={cf=cfr(0,0,0,1,0,0,0,.894,.448,0,-.448,.894);es="Linear";ed="In";};["Right Leg"]={cf=cfr(0,0,0,.808,.589,.012,-.588,.805,.077,.035,-.069,.997);es="Linear";ed="In";};["Left Arm"]={cf=cfr(.012,-.234,.037,.936,-.346,-.072,.353,.916,.19,0,-.204,.979);es="Linear";ed="In";};};{tm=.5;["Torso"]={cf=cfr(0,0,.185,1,0,0,0,.848,-.53,0,.53,.848);es="Linear";ed="In";};["Left Leg"]={cf=cfr(-.658,.454,-.033,.65,-.76,-.007,.758,.648,.072,-.05,-.052,.997);es="Linear";ed="In";};["Right Arm"]={cf=cfr(.185,-.541,.043,-.415,-.91,.025,.907,-.411,.087,-.069,.059,.996);es="Linear";ed="In";};["Handle"]={cf=cfr(-.275,-1.329,.235,.906,-.405,.123,.423,.867,-.264,0,.292,.957);es="Linear";ed="In";};["Head"]={cf=cfr(0,0,0,1,0,0,0,.894,.449,0,-.449,.894);es="Linear";ed="In";};["Right Leg"]={cf=cfr(0,0,0,.808,.589,.012,-.588,.805,.077,.035,-.069,.997);es="Linear";ed="In";};["Left Arm"]={cf=cfr(.011,-.236,.037,.934,-.351,-.073,.358,.914,.19,0,-.204,.979);es="Linear";ed="In";};};{tm=.517;["Torso"]={cf=cfr(0,0,.184,1,0,0,0,.848,-.531,0,.531,.848);es="Linear";ed="In";};["Left Leg"]={cf=cfr(-.658,.454,-.033,.65,-.76,-.007,.758,.648,.072,-.05,-.052,.997);es="Linear";ed="In";};["Right Arm"]={cf=cfr(.184,-.541,.043,-.414,-.91,.025,.907,-.411,.087,-.069,.059,.996);es="Linear";ed="In";};["Handle"]={cf=cfr(-.275,-1.329,.235,.906,-.405,.123,.423,.867,-.264,0,.292,.957);es="Linear";ed="In";};["Head"]={cf=cfr(0,0,0,1,0,0,0,.893,.449,0,-.449,.893);es="Linear";ed="In";};["Right Leg"]={cf=cfr(0,0,0,.808,.589,.012,-.588,.806,.077,.035,-.069,.997);es="Linear";ed="In";};["Left Arm"]={cf=cfr(.011,-.238,.037,.932,-.356,-.074,.363,.912,.19,0,-.204,.979);es="Linear";ed="In";};};{tm=.533;["Torso"]={cf=cfr(0,0,.183,1,0,0,0,.847,-.531,0,.531,.847);es="Linear";ed="In";};["Left Leg"]={cf=cfr(-.658,.454,-.033,.651,-.759,-.007,.757,.649,.072,-.05,-.052,.997);es="Linear";ed="In";};["Right Arm"]={cf=cfr(.183,-.541,.043,-.414,-.91,.025,.908,-.411,.087,-.069,.059,.996);es="Linear";ed="In";};["Handle"]={cf=cfr(-.275,-1.329,.235,.906,-.405,.123,.423,.867,-.264,0,.292,.957);es="Linear";ed="In";};["Head"]={cf=cfr(0,0,0,1,0,0,0,.893,.449,0,-.449,.893);es="Linear";ed="In";};["Right Leg"]={cf=cfr(0,0,0,.809,.587,.012,-.587,.806,.077,.035,-.069,.997);es="Linear";ed="In";};["Left Arm"]={cf=cfr(.01,-.24,.037,.93,-.36,-.075,.368,.91,.189,0,-.204,.979);es="Linear";ed="In";};};{tm=.55;["Torso"]={cf=cfr(0,0,.18,1,0,0,0,.847,-.531,0,.531,.847);es="Linear";ed="In";};["Left Leg"]={cf=cfr(-.658,.454,-.033,.652,-.758,-.007,.757,.65,.072,-.05,-.052,.997);es="Linear";ed="In";};["Right Arm"]={cf=cfr(.183,-.542,.043,-.414,-.91,.025,.908,-.41,.087,-.069,.059,.996);es="Linear";ed="In";};["Handle"]={cf=cfr(-.275,-1.329,.235,.906,-.405,.123,.423,.867,-.264,0,.292,.957);es="Linear";ed="In";};["Head"]={cf=cfr(0,0,0,1,0,0,0,.893,.45,0,-.45,.893);es="Linear";ed="In";};["Right Leg"]={cf=cfr(0,0,0,.81,.586,.012,-.585,.808,.077,.035,-.069,.997);es="Linear";ed="In";};["Left Arm"]={cf=cfr(.01,-.242,.037,.928,-.364,-.076,.372,.909,.189,0,-.204,.979);es="Linear";ed="In";};};{tm=.567;["Torso"]={cf=cfr(0,0,.177,1,0,0,0,.847,-.532,0,.532,.847);es="Linear";ed="In";};["Left Leg"]={cf=cfr(-.658,.454,-.033,.653,-.757,-.006,.755,.651,.072,-.05,-.052,.997);es="Linear";ed="In";};["Right Arm"]={cf=cfr(.181,-.542,.043,-.413,-.91,.025,.908,-.41,.087,-.07,.059,.996);es="Linear";ed="In";};["Handle"]={cf=cfr(-.275,-1.329,.235,.906,-.405,.123,.423,.867,-.264,0,.292,.957);es="Linear";ed="In";};["Head"]={cf=cfr(0,0,0,1,0,0,0,.893,.45,0,-.45,.893);es="Linear";ed="In";};["Right Leg"]={cf=cfr(0,0,0,.812,.583,.012,-.582,.809,.077,.035,-.069,.997);es="Linear";ed="In";};["Left Arm"]={cf=cfr(.009,-.243,.037,.927,-.367,-.076,.375,.908,.189,0,-.204,.979);es="Linear";ed="In";};};{tm=.583;["Torso"]={cf=cfr(0,0,.173,1,0,0,0,.847,-.532,0,.532,.847);es="Linear";ed="In";};["Left Leg"]={cf=cfr(-.658,.454,-.033,.655,-.756,-.006,.754,.653,.072,-.05,-.052,.997);es="Linear";ed="In";};["Right Arm"]={cf=cfr(.18,-.543,.043,-.412,-.911,.025,.908,-.409,.087,-.07,.058,.996);es="Linear";ed="In";};["Handle"]={cf=cfr(-.275,-1.329,.235,.906,-.405,.123,.423,.867,-.264,0,.292,.957);es="Linear";ed="In";};["Head"]={cf=cfr(0,0,0,1,0,0,0,.893,.45,0,-.45,.893);es="Linear";ed="In";};["Right Leg"]={cf=cfr(0,.001,0,.814,.58,.012,-.579,.812,.077,.035,-.069,.997);es="Linear";ed="In";};["Left Arm"]={cf=cfr(.009,-.245,.037,.926,-.37,-.077,.378,.906,.188,0,-.204,.979);es="Linear";ed="In";};};{tm=.6;["Torso"]={cf=cfr(0,0,.167,1,0,0,0,.846,-.533,0,.533,.846);es="Linear";ed="In";};["Left Leg"]={cf=cfr(-.658,.454,-.033,.657,-.754,-.006,.752,.655,.072,-.05,-.052,.997);es="Linear";ed="In";};["Right Arm"]={cf=cfr(.179,-.543,.043,-.412,-.911,.025,.909,-.408,.087,-.07,.058,.996);es="Linear";ed="In";};["Handle"]={cf=cfr(-.275,-1.329,.235,.906,-.405,.123,.423,.867,-.264,0,.292,.957);es="Linear";ed="In";};["Head"]={cf=cfr(0,0,0,1,0,0,0,.893,.45,0,-.45,.893);es="Linear";ed="In";};["Right Leg"]={cf=cfr(.001,.001,0,.817,.576,.011,-.576,.814,.077,.035,-.069,.997);es="Linear";ed="In";};["Left Arm"]={cf=cfr(.008,-.246,.037,.925,-.373,-.078,.381,.905,.188,0,-.204,.979);es="Linear";ed="In";};};{tm=.617;["Torso"]={cf=cfr(0,0,.161,1,0,0,0,.845,-.534,0,.534,.845);es="Linear";ed="In";};["Left Leg"]={cf=cfr(-.658,.454,-.033,.659,-.752,-.006,.75,.657,.072,-.05,-.052,.997);es="Linear";ed="In";};["Right Arm"]={cf=cfr(.177,-.544,.043,-.411,-.911,.025,.909,-.407,.087,-.07,.058,.996);es="Linear";ed="In";};["Handle"]={cf=cfr(-.275,-1.329,.235,.906,-.405,.123,.423,.867,-.264,0,.292,.957);es="Linear";ed="In";};["Head"]={cf=cfr(0,0,0,1,0,0,0,.893,.45,0,-.45,.893);es="Linear";ed="In";};["Right Leg"]={cf=cfr(.001,.001,0,.82,.572,.011,-.571,.817,.077,.035,-.069,.997);es="Linear";ed="In";};["Left Arm"]={cf=cfr(.008,-.247,.037,.924,-.375,-.078,.383,.905,.188,0,-.204,.979);es="Linear";ed="In";};};{tm=.633;["Torso"]={cf=cfr(0,0,.154,1,0,0,0,.845,-.535,0,.535,.845);es="Linear";ed="In";};["Left Leg"]={cf=cfr(-.659,.454,-.033,.662,-.75,-.006,.748,.66,.072,-.05,-.052,.997);es="Linear";ed="In";};["Right Arm"]={cf=cfr(.176,-.545,.043,-.41,-.912,.025,.909,-.406,.087,-.07,.058,.996);es="Linear";ed="In";};["Handle"]={cf=cfr(-.275,-1.329,.235,.906,-.405,.123,.423,.867,-.264,0,.292,.957);es="Linear";ed="In";};["Head"]={cf=cfr(0,0,0,1,0,0,0,.893,.45,0,-.45,.893);es="Linear";ed="In";};["Right Leg"]={cf=cfr(.001,.001,0,.823,.567,.01,-.566,.821,.077,.035,-.069,.997);es="Linear";ed="In";};["Left Arm"]={cf=cfr(.008,-.247,.037,.923,-.376,-.078,.384,.904,.188,0,-.204,.979);es="Linear";ed="In";};};{tm=.65;["Torso"]={cf=cfr(0,0,.147,1,0,0,0,.844,-.536,0,.536,.844);es="Linear";ed="In";};["Left Leg"]={cf=cfr(-.659,.454,-.033,.665,-.747,-.005,.745,.663,.072,-.05,-.052,.997);es="Linear";ed="In";};["Right Arm"]={cf=cfr(.174,-.546,.044,-.409,-.912,.025,.91,-.405,.087,-.07,.058,.996);es="Linear";ed="In";};["Handle"]={cf=cfr(-.275,-1.329,.235,.906,-.405,.123,.423,.867,-.264,0,.292,.957);es="Linear";ed="In";};["Head"]={cf=cfr(0,0,0,1,0,0,0,.893,.451,0,-.451,.893);es="Linear";ed="In";};["Right Leg"]={cf=cfr(.001,.002,0,.827,.562,.01,-.561,.824,.077,.035,-.069,.997);es="Linear";ed="In";};["Left Arm"]={cf=cfr(.008,-.248,.037,.923,-.377,-.078,.385,.904,.188,0,-.204,.979);es="Linear";ed="In";};};{tm=.667;["Torso"]={cf=cfr(0,0,.139,1,0,0,0,.843,-.537,0,.537,.843);es="Linear";ed="In";};["Left Leg"]={cf=cfr(-.659,.455,-.033,.668,-.744,-.005,.743,.666,.072,-.05,-.052,.997);es="Linear";ed="In";};["Right Arm"]={cf=cfr(.172,-.547,.044,-.408,-.913,.025,.91,-.404,.087,-.07,.058,.996);es="Linear";ed="In";};["Handle"]={cf=cfr(-.275,-1.329,.235,.906,-.405,.123,.423,.867,-.264,0,.292,.957);es="Linear";ed="In";};["Head"]={cf=cfr(0,0,0,1,0,0,0,.893,.451,0,-.451,.893);es="Linear";ed="In";};["Right Leg"]={cf=cfr(.001,.002,0,.831,.556,.009,-.555,.828,.077,.035,-.069,.997);es="Linear";ed="In";};["Left Arm"]={cf=cfr(.008,-.248,.037,.923,-.377,-.078,.385,.904,.188,0,-.204,.979);es="Linear";ed="In";};};{tm=.683;["Torso"]={cf=cfr(0,0,.13,1,0,0,0,.842,-.539,0,.539,.842);es="Linear";ed="In";};["Left Leg"]={cf=cfr(-.659,.455,-.033,.671,-.741,-.005,.74,.669,.072,-.05,-.052,.997);es="Linear";ed="In";};["Right Arm"]={cf=cfr(.17,-.548,.044,-.407,-.913,.025,.911,-.403,.087,-.07,.058,.996);es="Linear";ed="In";};["Handle"]={cf=cfr(-.275,-1.329,.235,.906,-.405,.123,.423,.867,-.264,0,.292,.957);es="Linear";ed="In";};["Head"]={cf=cfr(0,0,0,1,0,0,0,.893,.451,0,-.451,.893);es="Linear";ed="In";};["Right Leg"]={cf=cfr(.001,.002,0,.835,.55,.009,-.549,.832,.077,.035,-.069,.997);es="Linear";ed="In";};["Left Arm"]={cf=cfr(.008,-.248,.037,.923,-.377,-.078,.385,.904,.188,0,-.204,.979);es="Linear";ed="In";};};{tm=.7;["Torso"]={cf=cfr(0,0,.121,1,0,0,0,.842,-.54,0,.54,.842);es="Linear";ed="In";};["Left Leg"]={cf=cfr(-.659,.455,-.033,.675,-.738,-.004,.737,.673,.072,-.05,-.052,.997);es="Linear";ed="In";};["Right Arm"]={cf=cfr(.168,-.549,.044,-.405,-.914,.025,.911,-.402,.087,-.07,.058,.996);es="Linear";ed="In";};["Handle"]={cf=cfr(-.275,-1.329,.235,.906,-.405,.123,.423,.867,-.264,0,.292,.957);es="Linear";ed="In";};["Head"]={cf=cfr(0,0,0,1,0,0,0,.893,.45,0,-.45,.893);es="Linear";ed="In";};["Right Leg"]={cf=cfr(.002,.003,0,.839,.543,.008,-.542,.837,.077,.035,-.069,.997);es="Linear";ed="In";};["Left Arm"]={cf=cfr(.008,-.247,.037,.924,-.375,-.078,.383,.904,.188,0,-.204,.979);es="Linear";ed="In";};};{tm=.717;["Torso"]={cf=cfr(0,0,.112,1,0,0,0,.841,-.542,0,.542,.841);es="Linear";ed="In";};["Left Leg"]={cf=cfr(-.659,.455,-.033,.678,-.735,-.004,.733,.676,.072,-.05,-.052,.997);es="Linear";ed="In";};["Right Arm"]={cf=cfr(.165,-.55,.044,-.404,-.914,.025,.912,-.401,.087,-.07,.058,.996);es="Linear";ed="In";};["Handle"]={cf=cfr(-.275,-1.329,.235,.906,-.405,.123,.423,.867,-.264,0,.292,.957);es="Linear";ed="In";};["Head"]={cf=cfr(0,0,0,1,0,0,0,.893,.45,0,-.45,.893);es="Linear";ed="In";};["Right Leg"]={cf=cfr(.002,.003,0,.844,.537,.008,-.536,.841,.078,.035,-.069,.997);es="Linear";ed="In";};["Left Arm"]={cf=cfr(.008,-.246,.037,.925,-.373,-.078,.381,.905,.188,0,-.204,.979);es="Linear";ed="In";};};{tm=.733;["Torso"]={cf=cfr(0,0,.102,1,0,0,0,.84,-.543,0,.543,.84);es="Linear";ed="In";};["Left Leg"]={cf=cfr(-.659,.455,-.033,.682,-.732,-.004,.73,.68,.072,-.05,-.052,.997);es="Linear";ed="In";};["Right Arm"]={cf=cfr(.163,-.551,.044,-.403,-.915,.025,.913,-.399,.087,-.07,.058,.996);es="Linear";ed="In";};["Handle"]={cf=cfr(-.275,-1.329,.235,.906,-.405,.123,.423,.867,-.264,0,.292,.957);es="Linear";ed="In";};["Head"]={cf=cfr(0,0,0,1,0,0,0,.893,.45,0,-.45,.893);es="Linear";ed="In";};["Right Leg"]={cf=cfr(.002,.003,0,.848,.53,.007,-.529,.845,.078,.035,-.069,.997);es="Linear";ed="In";};["Left Arm"]={cf=cfr(.009,-.244,.037,.926,-.369,-.077,.377,.907,.189,0,-.204,.979);es="Linear";ed="In";};};{tm=.75;["Torso"]={cf=cfr(0,0,.092,1,0,0,0,.839,-.544,0,.544,.839);es="Linear";ed="In";};["Left Leg"]={cf=cfr(-.659,.455,-.033,.685,-.728,-.003,.727,.683,.072,-.05,-.052,.997);es="Linear";ed="In";};["Right Arm"]={cf=cfr(.16,-.552,.044,-.402,-.916,.025,.913,-.398,.087,-.07,.058,.996);es="Linear";ed="In";};["Handle"]={cf=cfr(-.275,-1.329,.235,.906,-.405,.123,.423,.867,-.264,0,.292,.957);es="Linear";ed="In";};["Head"]={cf=cfr(0,0,0,1,0,0,0,.893,.45,0,-.45,.893);es="Linear";ed="In";};["Right Leg"]={cf=cfr(.002,.003,0,.853,.523,.006,-.521,.85,.078,.035,-.069,.997);es="Linear";ed="In";};["Left Arm"]={cf=cfr(.009,-.242,.037,.928,-.365,-.076,.373,.908,.189,0,-.204,.979);es="Linear";ed="In";};};{tm=.767;["Torso"]={cf=cfr(0,0,.083,1,0,0,0,.838,-.546,0,.546,.838);es="Linear";ed="In";};["Left Leg"]={cf=cfr(-.659,.455,-.033,.689,-.725,-.003,.723,.687,.072,-.05,-.052,.997);es="Linear";ed="In";};["Right Arm"]={cf=cfr(.158,-.553,.045,-.4,-.916,.025,.914,-.397,.087,-.07,.058,.996);es="Linear";ed="In";};["Handle"]={cf=cfr(-.275,-1.329,.235,.906,-.405,.123,.423,.867,-.264,0,.292,.957);es="Linear";ed="In";};["Head"]={cf=cfr(0,0,0,1,0,0,0,.893,.449,0,-.449,.893);es="Linear";ed="In";};["Right Leg"]={cf=cfr(.002,.003,0,.857,.515,.006,-.514,.854,.078,.035,-.069,.997);es="Linear";ed="In";};["Left Arm"]={cf=cfr(.01,-.24,.037,.93,-.36,-.075,.368,.91,.189,0,-.204,.979);es="Linear";ed="In";};};{tm=.783;["Torso"]={cf=cfr(0,0,.073,1,0,0,0,.837,-.547,0,.547,.837);es="Linear";ed="In";};["Left Leg"]={cf=cfr(-.659,.455,-.033,.692,-.722,-.003,.72,.69,.072,-.05,-.052,.997);es="Linear";ed="In";};["Right Arm"]={cf=cfr(.155,-.554,.045,-.399,-.917,.025,.914,-.395,.087,-.07,.057,.996);es="Linear";ed="In";};["Handle"]={cf=cfr(-.275,-1.329,.235,.906,-.405,.123,.423,.867,-.264,0,.292,.957);es="Linear";ed="In";};["Head"]={cf=cfr(0,0,0,1,0,0,0,.894,.449,0,-.449,.894);es="Linear";ed="In";};["Right Leg"]={cf=cfr(.002,.003,0,.861,.508,.005,-.507,.858,.078,.035,-.069,.997);es="Linear";ed="In";};["Left Arm"]={cf=cfr(.011,-.237,.037,.932,-.354,-.074,.362,.913,.19,0,-.204,.979);es="Linear";ed="In";};};{tm=.8;["Torso"]={cf=cfr(0,0,.064,1,0,0,0,.836,-.549,0,.549,.836);es="Linear";ed="In";};["Left Leg"]={cf=cfr(-.659,.455,-.033,.696,-.718,-.002,.717,.694,.072,-.05,-.052,.997);es="Linear";ed="In";};["Right Arm"]={cf=cfr(.153,-.555,.045,-.397,-.917,.025,.915,-.394,.087,-.071,.057,.996);es="Linear";ed="In";};["Handle"]={cf=cfr(-.275,-1.329,.235,.906,-.405,.123,.423,.867,-.264,0,.292,.957);es="Linear";ed="In";};["Head"]={cf=cfr(0,0,0,1,0,0,0,.894,.449,0,-.449,.894);es="Linear";ed="In";};["Right Leg"]={cf=cfr(.002,.003,0,.865,.501,.004,-.5,.862,.078,.035,-.069,.997);es="Linear";ed="In";};["Left Arm"]={cf=cfr(.012,-.235,.037,.935,-.348,-.072,.355,.915,.19,0,-.204,.979);es="Linear";ed="In";};};{tm=.817;["Torso"]={cf=cfr(0,0,.055,1,0,0,0,.835,-.55,0,.55,.835);es="Linear";ed="In";};["Left Leg"]={cf=cfr(-.659,.455,-.033,.699,-.715,-.002,.713,.697,.072,-.05,-.052,.997);es="Linear";ed="In";};["Right Arm"]={cf=cfr(.15,-.556,.045,-.396,-.918,.025,.916,-.393,.087,-.071,.057,.996);es="Linear";ed="In";};["Handle"]={cf=cfr(-.275,-1.329,.235,.906,-.405,.123,.423,.867,-.264,0,.292,.957);es="Linear";ed="In";};["Head"]={cf=cfr(0,0,0,1,0,0,0,.894,.448,0,-.448,.894);es="Linear";ed="In";};["Right Leg"]={cf=cfr(.001,.002,0,.869,.495,.004,-.493,.866,.078,.035,-.069,.997);es="Linear";ed="In";};["Left Arm"]={cf=cfr(.013,-.231,.037,.938,-.34,-.071,.348,.918,.191,0,-.204,.979);es="Linear";ed="In";};};{tm=.833;["Torso"]={cf=cfr(0,0,.046,1,0,0,0,.834,-.551,0,.551,.834);es="Linear";ed="In";};["Left Leg"]={cf=cfr(-.659,.455,-.033,.702,-.712,-.002,.71,.7,.072,-.05,-.052,.997);es="Linear";ed="In";};["Right Arm"]={cf=cfr(.147,-.558,.045,-.394,-.919,.025,.916,-.391,.087,-.071,.057,.996);es="Linear";ed="In";};["Handle"]={cf=cfr(-.275,-1.329,.235,.906,-.405,.123,.423,.867,-.264,0,.292,.957);es="Linear";ed="In";};["Head"]={cf=cfr(0,0,0,1,0,0,0,.894,.448,0,-.448,.894);es="Linear";ed="In";};["Right Leg"]={cf=cfr(.001,.002,0,.873,.488,.003,-.487,.87,.078,.035,-.069,.997);es="Linear";ed="In";};["Left Arm"]={cf=cfr(.014,-.228,.037,.941,-.332,-.069,.339,.921,.191,0,-.204,.979);es="Linear";ed="In";};};{tm=.85;["Torso"]={cf=cfr(0,0,.038,1,0,0,0,.834,-.553,0,.553,.834);es="Linear";ed="In";};["Left Leg"]={cf=cfr(-.659,.454,-.033,.705,-.709,-.001,.707,.703,.072,-.05,-.052,.997);es="Linear";ed="In";};["Right Arm"]={cf=cfr(.145,-.559,.045,-.393,-.919,.025,.917,-.39,.087,-.071,.057,.996);es="Linear";ed="In";};["Handle"]={cf=cfr(-.275,-1.329,.235,.906,-.405,.123,.423,.867,-.264,0,.292,.957);es="Linear";ed="In";};["Head"]={cf=cfr(0,0,0,1,0,0,0,.895,.447,0,-.447,.895);es="Linear";ed="In";};["Right Leg"]={cf=cfr(.001,.002,0,.876,.482,.003,-.481,.873,.078,.035,-.069,.997);es="Linear";ed="In";};["Left Arm"]={cf=cfr(.015,-.224,.037,.944,-.324,-.067,.331,.924,.192,0,-.204,.979);es="Linear";ed="In";};};{tm=.867;["Torso"]={cf=cfr(0,0,.031,1,0,0,0,.833,-.554,0,.554,.833);es="Linear";ed="In";};["Left Leg"]={cf=cfr(-.659,.454,-.033,.708,-.706,-.001,.705,.706,.072,-.05,-.052,.997);es="Linear";ed="In";};["Right Arm"]={cf=cfr(.142,-.56,.046,-.392,-.92,.025,.917,-.388,.087,-.071,.057,.996);es="Linear";ed="In";};["Handle"]={cf=cfr(-.275,-1.329,.235,.906,-.405,.123,.423,.867,-.264,0,.292,.957);es="Linear";ed="In";};["Head"]={cf=cfr(0,0,0,1,0,0,0,.895,.446,0,-.446,.895);es="Linear";ed="In";};["Right Leg"]={cf=cfr(.001,.002,0,.879,.476,.002,-.475,.877,.078,.035,-.069,.997);es="Linear";ed="In";};["Left Arm"]={cf=cfr(.017,-.221,.037,.947,-.315,-.066,.322,.927,.193,0,-.204,.979);es="Linear";ed="In";};};{tm=.883;["Torso"]={cf=cfr(0,0,.024,1,0,0,0,.832,-.555,0,.555,.832);es="Linear";ed="In";};["Left Leg"]={cf=cfr(-.658,.454,-.033,.71,-.704,-.001,.702,.708,.072,-.05,-.052,.997);es="Linear";ed="In";};["Right Arm"]={cf=cfr(.14,-.561,.046,-.39,-.92,.025,.918,-.387,.087,-.071,.057,.996);es="Linear";ed="In";};["Handle"]={cf=cfr(-.275,-1.329,.235,.906,-.405,.123,.423,.867,-.264,0,.292,.957);es="Linear";ed="In";};["Head"]={cf=cfr(0,0,0,1,0,0,0,.895,.446,0,-.446,.895);es="Linear";ed="In";};["Right Leg"]={cf=cfr(.001,.001,0,.882,.471,.002,-.47,.879,.078,.035,-.069,.997);es="Linear";ed="In";};["Left Arm"]={cf=cfr(.018,-.217,.037,.95,-.306,-.064,.312,.93,.193,0,-.204,.979);es="Linear";ed="In";};};{tm=.9;["Torso"]={cf=cfr(0,0,.018,1,0,0,0,.831,-.556,0,.556,.831);es="Linear";ed="In";};["Left Leg"]={cf=cfr(-.658,.454,-.033,.712,-.702,-.001,.7,.71,.072,-.05,-.052,.997);es="Linear";ed="In";};["Right Arm"]={cf=cfr(.137,-.562,.046,-.389,-.921,.025,.919,-.386,.087,-.071,.057,.996);es="Linear";ed="In";};["Handle"]={cf=cfr(-.275,-1.329,.235,.906,-.405,.123,.423,.867,-.264,0,.292,.957);es="Linear";ed="In";};["Head"]={cf=cfr(0,0,0,1,0,0,0,.895,.445,0,-.445,.895);es="Linear";ed="In";};["Right Leg"]={cf=cfr(.001,.001,0,.885,.466,.001,-.465,.882,.078,.035,-.069,.997);es="Linear";ed="In";};["Left Arm"]={cf=cfr(.019,-.213,.037,.953,-.296,-.062,.303,.933,.194,0,-.204,.979);es="Linear";ed="In";};};{tm=.917;["Torso"]={cf=cfr(0,0,.012,1,0,0,0,.831,-.556,0,.556,.831);es="Linear";ed="In";};["Left Leg"]={cf=cfr(-.658,.454,-.033,.714,-.7,0,.698,.712,.072,-.05,-.052,.997);es="Linear";ed="In";};["Right Arm"]={cf=cfr(.135,-.563,.046,-.388,-.921,.025,.919,-.384,.087,-.071,.057,.996);es="Linear";ed="In";};["Handle"]={cf=cfr(-.275,-1.329,.235,.906,-.405,.123,.423,.867,-.264,0,.292,.957);es="Linear";ed="In";};["Head"]={cf=cfr(0,0,0,1,0,0,0,.896,.445,0,-.445,.896);es="Linear";ed="In";};["Right Leg"]={cf=cfr(0,.001,0,.887,.462,.001,-.461,.884,.078,.035,-.069,.997);es="Linear";ed="In";};["Left Arm"]={cf=cfr(.021,-.209,.037,.956,-.287,-.06,.293,.936,.195,0,-.204,.979);es="Linear";ed="In";};};{tm=.933;["Torso"]={cf=cfr(0,0,.008,1,0,0,0,.831,-.557,0,.557,.831);es="Linear";ed="In";};["Left Leg"]={cf=cfr(-.658,.454,-.033,.716,-.698,0,.697,.714,.072,-.05,-.052,.997);es="Linear";ed="In";};["Right Arm"]={cf=cfr(.133,-.564,.046,-.386,-.922,.025,.92,-.383,.087,-.071,.056,.996);es="Linear";ed="In";};["Handle"]={cf=cfr(-.275,-1.329,.235,.906,-.405,.123,.423,.867,-.264,0,.292,.957);es="Linear";ed="In";};["Head"]={cf=cfr(0,0,0,1,0,0,0,.896,.444,0,-.444,.896);es="Linear";ed="In";};["Right Leg"]={cf=cfr(0,0,0,.888,.459,.001,-.458,.886,.078,.035,-.069,.997);es="Linear";ed="In";};["Left Arm"]={cf=cfr(.022,-.205,.037,.959,-.277,-.058,.283,.939,.195,0,-.204,.979);es="Linear";ed="In";};};{tm=.95;["Torso"]={cf=cfr(0,0,.005,1,0,0,0,.83,-.558,0,.558,.83);es="Linear";ed="In";};["Left Leg"]={cf=cfr(-.658,.454,-.033,.717,-.697,0,.695,.715,.072,-.05,-.052,.997);es="Linear";ed="In";};["Right Arm"]={cf=cfr(.13,-.565,.046,-.385,-.923,.025,.92,-.382,.087,-.071,.056,.996);es="Linear";ed="In";};["Handle"]={cf=cfr(-.275,-1.329,.235,.906,-.405,.123,.423,.86